0 2054 4772 2285 8108 7511 1603 4980 4946 6961 
2054 0 9820 7343 1913 3186 9741 9824 8436 4025 
4772 9820 0 2700 7491 1448 1528 5163 9493 5676 
2285 7343 2700 0 7228 5495 8920 6178 6876 8871 
8108 1913 7491 7228 0 897 3805 8851 8109 7628 
7511 3186 1448 5495 897 0 9043 7877 7899 1560 
1603 9741 1528 8920 3805 9043 0 3334 8791 5418 
4980 9824 5163 6178 8851 7877 3334 0 4370 633 
4946 8436 9493 6876 8109 7899 8791 4370 0 3545 
6961 4025 5676 8871 7628 1560 5418 633 3545 0 
