0 7350 4050 1676 6394 4900 5605 8001 8137 1936 
7350 0 705 5103 1038 4199 1786 3492 6111 5218 
4050 705 0 6688 9899 4109 3122 8410 1078 4511 
1676 5103 6688 0 8275 9030 1376 7076 8435 8500 
6394 1038 9899 8275 0 7240 2432 4687 1021 9136 
4900 4199 4109 9030 7240 0 6837 2817 1987 4830 
5605 1786 3122 1376 2432 6837 0 7360 4111 7236 
8001 3492 8410 7076 4687 2817 7360 0 9470 8066 
8137 6111 1078 8435 1021 1987 4111 9470 0 1313 
1936 5218 4511 8500 9136 4830 7236 8066 1313 0 
