   0  826 1089 1483 2483 3303 3858 4362 5209 7359
 826    0  634  896 1782 2584 3105 3574 4416 6538
1089  634    0  401 1415 2236 2812 3354 4203 6418
1483  896  401    0 1016 1835 2412 2962 3810 6031
2483 1782 1415 1016    0  820 1398 1968 2811 5060
3303 2584 2236 1835  820    0  609 1229 2043 4324
3858 3105 2812 2412 1398  609    0  629 1434 3716
4362 3574 3354 2962 1968 1229  629    0  849 3103
5029 4416 4203 3810 2811 2043 1434  849  0   2285
7359 6538 6418 6031 5060 4324 3716 3103 2285    0